变异 = 0.1，交叉0.8，规模 = 30, 迭代 = 50，轮盘赌
defaultdict(<class 'list'>, {'loss': [0.1894740753173828, 0.1780994873046875, 0.1780994873046875, 0.17809756469726562, 0.178073486328125, 0.17809756469726562, 0.178064208984375, 0.178073486328125, 0.178087646484375, 0.17814959716796874, 0.17809756469726562, 0.17814959716796874, 0.17816184997558593, 0.17814772033691406, 0.17817416381835938, 0.17817416381835938, 0.17816583251953125, 0.17816583251953125, 0.17816583251953125, 0.1781666717529297, 0.17816583251953125, 0.1781666717529297, 0.17816619873046874, 0.17816619873046874, 0.17816868591308593, 0.17816619873046874, 0.17816619873046874, 0.17816619873046874, 0.17816619873046874, 0.17814993286132813, 0.17816619873046874, 0.17816806030273438, 0.1781600646972656, 0.17816702270507812, 0.1781593017578125, 0.1781593017578125, 0.1781602783203125, 0.1780054168701172, 0.17818614196777344, 0.17800564575195313, 0.1782873077392578, 0.17800888061523437, 0.17800918579101563, 0.17828707885742187, 0.17816455078125, 0.17800601196289062, 0.17815724182128906, 0.17823397827148438, 0.17831126403808595, 0.17815939331054687], 'acc': [0.948, 0.948, 0.948, 0.948, 0.948, 0.948, 0.948, 0.948, 0.948, 0.948, 0.948, 0.948, 0.948, 0.948, 0.949, 0.949, 0.949, 0.949, 0.949, 0.949, 0.949, 0.949, 0.949, 0.949, 0.949, 0.949, 0.949, 0.949, 0.949, 0.949, 0.949, 0.949, 0.949, 0.949, 0.949, 0.949, 0.949, 0.949, 0.949, 0.949, 0.949, 0.949, 0.949, 0.949, 0.949, 0.949, 0.949, 0.949, 0.949, 0.949]})
0.948 - 0.949


变异0.5，交叉0.8，规模30，迭代50，轮盘赌
defaultdict(<class 'list'>, {'loss': [0.18211134338378906, 0.18213652038574218, 0.1807577667236328, 0.1807577667236328, 0.18070436096191406, 0.18070436096191406, 0.1804971923828125, 0.1804971923828125, 0.18038687133789064, 0.18034562683105468, 0.18049232482910157, 0.18049232482910157, 0.18055299377441406, 0.18049232482910157, 0.18051480102539064, 0.18022711181640624, 0.18022711181640624, 0.18023257446289062, 0.18039251708984375, 0.18025019836425782, 0.18036582946777344, 0.1802309112548828, 0.18004266357421875, 0.18005421447753905, 0.18020870971679687, 0.18023077392578124, 0.18020004272460938, 0.18069639587402345, 0.180322265625, 0.18048037719726562, 0.18014680480957032, 0.18021781921386718, 0.18032656860351562, 0.18014324951171876, 0.18014321899414062, 0.1800689697265625, 0.18014303588867187, 0.18006884765625, 0.1800725555419922, 0.18034170532226562, 0.18016412353515626, 0.18003079223632812, 0.18020611572265624, 0.18019454956054687, 0.18003202819824218, 0.18048735046386719, 0.1804746856689453, 0.18045205688476562, 0.18045223999023438, 0.18048312377929687], 'acc': [0.947, 0.947, 0.949, 0.949, 0.949, 0.949, 0.95, 0.95, 0.95, 0.95, 0.95, 0.95, 0.95, 0.95, 0.95, 0.951, 0.951, 0.951, 0.951, 0.951, 0.951, 0.951, 0.951, 0.951, 0.951, 0.951, 0.951, 0.951, 0.951, 0.951, 0.951, 0.951, 0.951, 0.951, 0.951, 0.951, 0.951, 0.951, 0.951, 0.951, 0.951, 0.951, 0.951, 0.951, 0.951, 0.953, 0.953, 0.953, 0.953, 0.953]})
0.947 - 0.953


变异0.1，交叉0.8，规模30，迭代50，轮盘赌
0.949 - 0.95